1844
2846
1191
2605
1257
2170
2628
2936
2232
1392
2252
1165
2814
2562
2177
2543
1429
2081
2359
2077
2697
2372
2675
2637
2915
1358
2623
2919
1961
2171
1638
2507
1860
2507
2751
1823
1346
2808
1671
1454
2037
2759
2911
2985
1999
2884
1078
1277
2351
1620
1946
1722
2769
2896
2199
1034
2859
1573
1103
2886
2306
2195
2304
2672
2976
1497
1937
1792
2531
1639
2097
1473
1652
1266
1882
2575
2777
2170
1199
2728
2191
2062
1803
1859
1117
1823
1472
2663
2245
1744
1224
1102
2804
1133
1096
1962
2557
1400
1528
1533
1491
2365
1667
1958
2297
2098
1765
2953
1596
2927
2942
2406
1983
2421
1155
1116
2625
1992
2343
2575
2223
1266
1375
2062
1844
1877
2871
1103
1071
2064
2114
1259
1560
1228
2507
1345
2861
1071
1318
2295
1135
2721
2197
2237
1319
2764
2855
2645
2990
2503
1754
2882
1054
2445
1326
2458
1267
2646
1769
2870
2422
1628
1107
2191
1170
1648
2433
1548
2245
2184
1806
2622
2401
2296
1045
2566
2208
1749
1078
2061
2903
1440
1747
2029
1084
2318
1536
2625
1369
1837
1961
1516
1094
1458
1469
1818
2794
1466
2810
1595
2863
1613
1088
2180
2061
1079
2125
2856
1441
2561
2268
1881
1875
1791
2508
2076
2497
1823
1269
2446
1349
1575
2687
2562
1664
1145
1426
2596
1123
2411
2079
2835
2632
2801
1372
2266
1370
1956
1513
2341
2628
2098
1045
1629
1276
1824
2444
2745
1071
2564
2563
1330
2391
1575
2884
2010
2389
2503
1280
1872
2914
1408
2456
1346
1460
1120
2088
1410
2789
1718
2830
2011
1328
2188
2800
1687
2233
1020
1812
2121
1573
1253
1719
1879
2640
1326
2107
1225
1078
1297
1098
2399
2599
1138
1665
1533
2000
2859
1411
1049
2858
2977
2190
2152
1887
1305
2661
2672
2163
2502
1337
1034
2291
2804
1404
1672
2913
2144
1615
1561
2373
1624
1446
1010
1656
1098
2324
1069
1277
1138
1563
1567
1545
1967
1017
2960
2177
1338
2676
2496
1303
1381
2011
2168
1082
1155
2880
2479
1352
2257
2493
2925
2665
2855
1012
2145
2850
2301
2434
1143
2183
2506
1622
2190
2451
